451
8
199
985
279
647
78
788
907
846
93
878
353
318
661
573
744
906
149
521
935
299
642
86
526
818
969
325
743
410
548
351
85
113
691
437
518
179
758
904
269
746
859
739
534
46
773
847
375
428
977
490
613
283
47
631
854
547
677
458
173
962
983
762
162
954
856
616
24
438
602
267
151
144
84
228
541
396
341
695
249
41
257
15
262
716
183
491
429
803
309
422
87
28
158
800
976
774
125
174
870
569
447
167
559
513
352
916
549
565
995
824
229
984
456
805
574
260
523
921
507
453
75
55
674
851
315
457
804
193
712
201
442
812
414
600
593
361
931
750
607
883
517
740
648
9
460
735
142
495
609
484
187
890
683
347
928
778
1
502
576
700
876
640
737
479
180
619
289
6
885
11
407
959
266
821
670
696
319
971
212
944
227
295
200
554
331
710
699
496
891
753
256
947
373
436
676
163
116
421
258
853
111
925
95
469
723
326
238
16
579
807
493
843
948
321
566
768
865
155
415
237
236
793
617
132
332
487
795
60
105
265
752
802
882
425
66
769
829
461
545
649
717
329
62 
118
143
873
760
139
182
671
251
420
997
715
156
667
697
652
242
22
673
949
483
305
705
470
698
416
273
866
978
198
537
618
206
64
660
730
558
19
10
975
382
121
919
966
575
650
868
406
963
653
122
678
4
704
23
748
862
682
719
675
434
525
214
581
614
439
796
449
766
981
988
301
875
44
408
772
999
380
835
615
731
152
393
701
770
645
195
561
354
927
95
57
494
567
120
887
365
844
741
50
637
747
644
231
98
234
94
848
722
996
957
665
787
786
951
724
90
577
190
276
172
991
893
923
418
604
191
433
430
264
535
364
662
896
955
580
471
646
689
910
58
626
960
552
973
968
215
779
432
108
134
522
51
733
933
942
61
372
43
344
241
165
297
378
427
780
708
397
304
738
709
339
633
194
586
797
527
784
311
920
286
48
519
659
150
703
192
423
974
145
987
992
515
595
498
54
387
312
472
749
584
861
225
539
623
555
839
18
287
776
917
763
480
124
610
97
838
767
986
759
36
27
993
168
568
589
664
444
482
601
564
92 
798
65
941
366 
516
845
175
363
603
630 
736
26
858
245
253
825
452
771
871
207
937
714
940
243
938
654
322
246
686
528
235
400
828
133
587
395
32
755
371
203
248
643
153
137
639
45
967
884
585
914
836
328
342
532
892
998
63
76
398
930
934
14
902
663
632
147
690
790
475
210
823
104
693
702
377
621
385
901
720
881 
464
384
401
445
164
68
82
268
965
73
542
52
721
89
223
622
56
388
310
886
830
216
2
810
335
624
188
171
726
857 
816
777
136
888
582
492
814
232
837
900
651
69
669
327
412
684
657
989
345
110
25 
849
754
300
827
448
462
688
259 
815
394
530
294
419
863
107
404
115
713
486
897
909
546
952
943
711
898
250
764
524
374
77
81
572
563
894
611
102
485
30
79
869
505
302
357
12
100
148
330
196
658
349
946
597
379
503
454
280
252
343
794
140
261
511
801
504
463
402
562
729
529
386
381
337
822
533
135
431
313
33
3
99
255
31
324
293
543
889
912
288
39
635
320
103
834
922
510
292
831
417
627
282
307
230
860
990
278
606
126
455
655
588
166
450
481
915
390
880
346
186
263
612
895
217
841
441
233
911
707
501
832
811
620
5
383
785
83
961
224
71
583
936
281
338
157
80
634
820
360
668
336
808
409
641
679
899
189
270
435
506
512
376
184
306
557
958
782
497
185
160
728
514
994
625
0
316
411
478
161
550
317
303
272
608
964
594
127
358
291
20
29
290
370
413
560
67
473
692
35
918
666
141
864
742
130
590
222
727
500
392
570
489
208
123
908
540
850
551
775
745
34
950
88
226
405
751
840
177
879
553
170
240
247
37
128
499
867
53
254
531
874
842
477
367
277
138
732
356
40
359
74
905
106
903
982
443
877
109
685
159
101
932
929
792
219
13
403
59
520
213
466
706
314
687
598
872
72
638
488
284
350
368
112
197
757
38
979
362
440
323
218
117 
468
599
538
391
424
369
681
913
42
980
592
178
296
806
340
467
17
308
628
544
680
556
399
355
734
536
939
91
202
70
571
799
476
154
972
465
459
244
591
596
694
146
926
129
334
578
209
389
220
119
956
819 
725
275
509
852
636
239
656
924
204
813
761
855
333
348
765
114
205
756
789
176
274
285
833
826
781 
7
809
96
271
211
508
945
181
783
49
718
426
605
169
446
791
474
629
221
298 
970
21
67
131
817